1.32453 0.269113 763.136 0.768142 0.0950363
1.32453 0.269113 763.136 0.768142 0.0950363
1.35725 0.0926866 993.466 2.05026 -0.348841
1.35725 0.0926866 993.466 2.05026 -0.348841
1.35762 0.121244 832.897 1.34288 0.279698
1.35762 0.121244 832.897 1.34288 0.279698
1.32813 0.398364 778.052 1.07081 0.144006
1.32813 0.398364 778.052 1.07081 0.144006
1.33478 0.401799 768.012 0.764168 0.0910107
1.33478 0.401799 768.012 0.764168 0.0910107
1.36102 0.194926 765.121 0.81426 0.104826
1.36102 0.194926 765.121 0.81426 0.104826
1.33835 0.280875 796.458 1.03333 0.11932
1.33835 0.280875 796.458 1.03333 0.11932
1.3189 0.393072 778.438 0.912347 0.0991797
1.3189 0.393072 778.438 0.912347 0.0991797
1.37047 0.104902 788.565 0.977613 0.128023
1.37047 0.104902 788.565 0.977613 0.128023
1.35665 0.15496 777.296 0.811865 0.101846
1.35665 0.15496 777.296 0.811865 0.101846
